L	b2	b4	b8	b16	b32
1.0	2.0	4.0	8.0	16.0	32.0
2.0	2.0	4.0	9.0	18.0	37.0
3.0	2.0	5.0	10.0	19.0	39.0
4.0	3.0	5.0	10.0	20.0	40.0
5.0	3.0	5.0	10.0	20.0	40.0
6.0	3.0	6.0	11.0	21.0	41.0
7.0	3.0	6.0	11.0	21.0	41.0
8.0	3.0	6.0	11.0	21.0	42.0
9.0	4.0	6.0	11.0	22.0	42.0
10.0	4.0	6.0	12.0	22.0	42.0
11.0	4.0	6.0	12.0	22.0	43.0
12.0	4.0	7.0	12.0	22.0	43.0
13.0	4.0	7.0	12.0	22.0	43.0
14.0	4.0	7.0	12.0	23.0	43.0
15.0	4.0	7.0	12.0	23.0	43.0
16.0	4.0	7.0	12.0	23.0	43.0
17.0	4.0	7.0	12.0	23.0	44.0
18.0	4.0	7.0	12.0	23.0	44.0
19.0	4.0	7.0	12.0	23.0	44.0
20.0	4.0	7.0	13.0	23.0	44.0
21.0	4.0	7.0	13.0	23.0	44.0
22.0	4.0	7.0	13.0	23.0	44.0
23.0	4.0	7.0	13.0	23.0	44.0
24.0	5.0	7.0	13.0	23.0	44.0
25.0	5.0	7.0	13.0	24.0	44.0
26.0	5.0	7.0	13.0	24.0	45.0
27.0	5.0	7.0	13.0	24.0	45.0
28.0	5.0	7.0	13.0	24.0	45.0
29.0	5.0	8.0	13.0	24.0	45.0
30.0	5.0	8.0	13.0	24.0	45.0
31.0	5.0	8.0	13.0	24.0	45.0
32.0	5.0	8.0	13.0	24.0	45.0
33.0	5.0	8.0	13.0	24.0	45.0
34.0	5.0	8.0	13.0	24.0	45.0
35.0	5.0	8.0	13.0	24.0	45.0
36.0	5.0	8.0	13.0	24.0	45.0
37.0	5.0	8.0	13.0	24.0	45.0
38.0	5.0	8.0	13.0	24.0	45.0
39.0	5.0	8.0	13.0	24.0	45.0
40.0	5.0	8.0	13.0	24.0	46.0
41.0	5.0	8.0	13.0	24.0	46.0
42.0	5.0	8.0	14.0	24.0	46.0
43.0	5.0	8.0	14.0	24.0	46.0
44.0	5.0	8.0	14.0	24.0	46.0
45.0	5.0	8.0	14.0	24.0	46.0
46.0	5.0	8.0	14.0	25.0	46.0
47.0	5.0	8.0	14.0	25.0	46.0
48.0	5.0	8.0	14.0	25.0	46.0
49.0	5.0	8.0	14.0	25.0	46.0
50.0	5.0	8.0	14.0	25.0	46.0
51.0	5.0	8.0	14.0	25.0	46.0
52.0	5.0	8.0	14.0	25.0	46.0
53.0	5.0	8.0	14.0	25.0	46.0
54.0	5.0	8.0	14.0	25.0	46.0
55.0	5.0	8.0	14.0	25.0	46.0
56.0	5.0	8.0	14.0	25.0	46.0
57.0	5.0	8.0	14.0	25.0	46.0
58.0	5.0	8.0	14.0	25.0	46.0
59.0	5.0	8.0	14.0	25.0	46.0
60.0	5.0	8.0	14.0	25.0	46.0
61.0	5.0	8.0	14.0	25.0	46.0
62.0	5.0	8.0	14.0	25.0	46.0
63.0	5.0	8.0	14.0	25.0	46.0
64.0	5.0	8.0	14.0	25.0	46.0
65.0	5.0	8.0	14.0	25.0	46.0
66.0	5.0	8.0	14.0	25.0	47.0
67.0	5.0	8.0	14.0	25.0	47.0
68.0	5.0	8.0	14.0	25.0	47.0
69.0	5.0	8.0	14.0	25.0	47.0
70.0	5.0	8.0	14.0	25.0	47.0
71.0	5.0	8.0	14.0	25.0	47.0
72.0	5.0	8.0	14.0	25.0	47.0
73.0	5.0	8.0	14.0	25.0	47.0
74.0	5.0	8.0	14.0	25.0	47.0
75.0	5.0	8.0	14.0	25.0	47.0
76.0	5.0	8.0	14.0	25.0	47.0
77.0	6.0	8.0	14.0	25.0	47.0
78.0	6.0	9.0	14.0	25.0	47.0
79.0	6.0	9.0	14.0	25.0	47.0
80.0	6.0	9.0	14.0	25.0	47.0
81.0	6.0	9.0	14.0	25.0	47.0
82.0	6.0	9.0	14.0	25.0	47.0
83.0	6.0	9.0	14.0	25.0	47.0
84.0	6.0	9.0	14.0	25.0	47.0
85.0	6.0	9.0	14.0	25.0	47.0
86.0	6.0	9.0	14.0	25.0	47.0
87.0	6.0	9.0	14.0	25.0	47.0
88.0	6.0	9.0	14.0	25.0	47.0
89.0	6.0	9.0	14.0	26.0	47.0
90.0	6.0	9.0	14.0	26.0	47.0
91.0	6.0	9.0	14.0	26.0	47.0
92.0	6.0	9.0	14.0	26.0	47.0
93.0	6.0	9.0	14.0	26.0	47.0
94.0	6.0	9.0	14.0	26.0	47.0
95.0	6.0	9.0	14.0	26.0	47.0
96.0	6.0	9.0	14.0	26.0	47.0
97.0	6.0	9.0	14.0	26.0	47.0
98.0	6.0	9.0	15.0	26.0	47.0
99.0	6.0	9.0	15.0	26.0	47.0
100.0	6.0	9.0	15.0	26.0	47.0
101.0	6.0	9.0	15.0	26.0	47.0
102.0	6.0	9.0	15.0	26.0	47.0
103.0	6.0	9.0	15.0	26.0	47.0
104.0	6.0	9.0	15.0	26.0	47.0
105.0	6.0	9.0	15.0	26.0	47.0
106.0	6.0	9.0	15.0	26.0	47.0
107.0	6.0	9.0	15.0	26.0	47.0
108.0	6.0	9.0	15.0	26.0	47.0
109.0	6.0	9.0	15.0	26.0	47.0
110.0	6.0	9.0	15.0	26.0	47.0
111.0	6.0	9.0	15.0	26.0	47.0
112.0	6.0	9.0	15.0	26.0	48.0
113.0	6.0	9.0	15.0	26.0	48.0
114.0	6.0	9.0	15.0	26.0	48.0
115.0	6.0	9.0	15.0	26.0	48.0
116.0	6.0	9.0	15.0	26.0	48.0
117.0	6.0	9.0	15.0	26.0	48.0
118.0	6.0	9.0	15.0	26.0	48.0
119.0	6.0	9.0	15.0	26.0	48.0
120.0	6.0	9.0	15.0	26.0	48.0
121.0	6.0	9.0	15.0	26.0	48.0
122.0	6.0	9.0	15.0	26.0	48.0
123.0	6.0	9.0	15.0	26.0	48.0
124.0	6.0	9.0	15.0	26.0	48.0
125.0	6.0	9.0	15.0	26.0	48.0
126.0	6.0	9.0	15.0	26.0	48.0
127.0	6.0	9.0	15.0	26.0	48.0
128.0	6.0	9.0	15.0	26.0	48.0
129.0	6.0	9.0	15.0	26.0	48.0
130.0	6.0	9.0	15.0	26.0	48.0
131.0	6.0	9.0	15.0	26.0	48.0
132.0	6.0	9.0	15.0	26.0	48.0
133.0	6.0	9.0	15.0	26.0	48.0
134.0	6.0	9.0	15.0	26.0	48.0
135.0	6.0	9.0	15.0	26.0	48.0
136.0	6.0	9.0	15.0	26.0	48.0
137.0	6.0	9.0	15.0	26.0	48.0
138.0	6.0	9.0	15.0	26.0	48.0
139.0	6.0	9.0	15.0	26.0	48.0
140.0	6.0	9.0	15.0	26.0	48.0
141.0	6.0	9.0	15.0	26.0	48.0
142.0	6.0	9.0	15.0	26.0	48.0
143.0	6.0	9.0	15.0	26.0	48.0
144.0	6.0	9.0	15.0	26.0	48.0
145.0	6.0	9.0	15.0	26.0	48.0
146.0	6.0	9.0	15.0	26.0	48.0
147.0	6.0	9.0	15.0	26.0	48.0
148.0	6.0	9.0	15.0	26.0	48.0
149.0	6.0	9.0	15.0	26.0	48.0
150.0	6.0	9.0	15.0	26.0	48.0
151.0	6.0	9.0	15.0	26.0	48.0
152.0	6.0	9.0	15.0	26.0	48.0
153.0	6.0	9.0	15.0	26.0	48.0
154.0	6.0	9.0	15.0	26.0	48.0
155.0	6.0	9.0	15.0	26.0	48.0
156.0	6.0	9.0	15.0	26.0	48.0
157.0	6.0	9.0	15.0	26.0	48.0
158.0	6.0	9.0	15.0	26.0	48.0
159.0	6.0	9.0	15.0	26.0	48.0
160.0	6.0	9.0	15.0	26.0	48.0
161.0	6.0	9.0	15.0	26.0	48.0
162.0	6.0	9.0	15.0	26.0	48.0
163.0	6.0	9.0	15.0	26.0	48.0
164.0	6.0	9.0	15.0	26.0	48.0
165.0	6.0	9.0	15.0	26.0	48.0
166.0	6.0	9.0	15.0	26.0	48.0
167.0	6.0	9.0	15.0	26.0	48.0
168.0	6.0	9.0	15.0	26.0	48.0
169.0	6.0	9.0	15.0	26.0	48.0
170.0	6.0	9.0	15.0	26.0	48.0
171.0	6.0	9.0	15.0	26.0	48.0
172.0	6.0	9.0	15.0	26.0	48.0
173.0	6.0	9.0	15.0	26.0	48.0
174.0	6.0	9.0	15.0	26.0	48.0
175.0	6.0	9.0	15.0	26.0	48.0
176.0	6.0	9.0	15.0	26.0	48.0
177.0	6.0	9.0	15.0	26.0	48.0
178.0	6.0	9.0	15.0	26.0	48.0
179.0	6.0	9.0	15.0	26.0	48.0
180.0	6.0	9.0	15.0	26.0	48.0
181.0	6.0	9.0	15.0	26.0	48.0
182.0	6.0	9.0	15.0	27.0	48.0
183.0	6.0	9.0	15.0	27.0	48.0
184.0	6.0	9.0	15.0	27.0	48.0
185.0	6.0	9.0	15.0	27.0	48.0
186.0	6.0	9.0	15.0	27.0	48.0
187.0	6.0	9.0	15.0	27.0	48.0
188.0	6.0	9.0	15.0	27.0	48.0
189.0	6.0	9.0	15.0	27.0	48.0
190.0	6.0	9.0	15.0	27.0	48.0
191.0	6.0	9.0	15.0	27.0	48.0
192.0	6.0	9.0	15.0	27.0	48.0
193.0	6.0	9.0	15.0	27.0	48.0
194.0	6.0	9.0	15.0	27.0	48.0
195.0	6.0	9.0	15.0	27.0	48.0
196.0	6.0	9.0	15.0	27.0	48.0
197.0	6.0	9.0	15.0	27.0	49.0
198.0	6.0	9.0	15.0	27.0	49.0
199.0	6.0	9.0	15.0	27.0	49.0
200.0	6.0	9.0	15.0	27.0	49.0
201.0	6.0	9.0	15.0	27.0	49.0
202.0	6.0	9.0	15.0	27.0	49.0
203.0	6.0	9.0	15.0	27.0	49.0
204.0	6.0	9.0	15.0	27.0	49.0
205.0	6.0	9.0	15.0	27.0	49.0
206.0	6.0	9.0	15.0	27.0	49.0
207.0	6.0	9.0	15.0	27.0	49.0
208.0	6.0	9.0	15.0	27.0	49.0
209.0	6.0	9.0	15.0	27.0	49.0
210.0	6.0	9.0	15.0	27.0	49.0
211.0	6.0	9.0	15.0	27.0	49.0
212.0	6.0	9.0	15.0	27.0	49.0
213.0	6.0	9.0	15.0	27.0	49.0
214.0	6.0	9.0	15.0	27.0	49.0
215.0	6.0	9.0	15.0	27.0	49.0
216.0	6.0	9.0	15.0	27.0	49.0
217.0	6.0	9.0	15.0	27.0	49.0
218.0	6.0	9.0	15.0	27.0	49.0
219.0	6.0	9.0	15.0	27.0	49.0
220.0	6.0	9.0	15.0	27.0	49.0
221.0	6.0	9.0	15.0	27.0	49.0
222.0	6.0	9.0	15.0	27.0	49.0
223.0	6.0	9.0	15.0	27.0	49.0
224.0	6.0	9.0	15.0	27.0	49.0
225.0	6.0	10.0	15.0	27.0	49.0
226.0	6.0	10.0	15.0	27.0	49.0
227.0	6.0	10.0	15.0	27.0	49.0
228.0	6.0	10.0	15.0	27.0	49.0
229.0	6.0	10.0	15.0	27.0	49.0
230.0	6.0	10.0	15.0	27.0	49.0
231.0	6.0	10.0	15.0	27.0	49.0
232.0	6.0	10.0	15.0	27.0	49.0
233.0	6.0	10.0	15.0	27.0	49.0
234.0	6.0	10.0	15.0	27.0	49.0
235.0	6.0	10.0	15.0	27.0	49.0
236.0	6.0	10.0	15.0	27.0	49.0
237.0	6.0	10.0	15.0	27.0	49.0
238.0	6.0	10.0	15.0	27.0	49.0
239.0	6.0	10.0	16.0	27.0	49.0
240.0	6.0	10.0	16.0	27.0	49.0
241.0	6.0	10.0	16.0	27.0	49.0
242.0	6.0	10.0	16.0	27.0	49.0
243.0	6.0	10.0	16.0	27.0	49.0
244.0	6.0	10.0	16.0	27.0	49.0
245.0	6.0	10.0	16.0	27.0	49.0
246.0	6.0	10.0	16.0	27.0	49.0
247.0	6.0	10.0	16.0	27.0	49.0
248.0	6.0	10.0	16.0	27.0	49.0
249.0	6.0	10.0	16.0	27.0	49.0
250.0	6.0	10.0	16.0	27.0	49.0
251.0	6.0	10.0	16.0	27.0	49.0
252.0	6.0	10.0	16.0	27.0	49.0
253.0	6.0	10.0	16.0	27.0	49.0
254.0	6.0	10.0	16.0	27.0	49.0
255.0	6.0	10.0	16.0	27.0	49.0
256.0	6.0	10.0	16.0	27.0	49.0
257.0	6.0	10.0	16.0	27.0	49.0
258.0	6.0	10.0	16.0	27.0	49.0
259.0	6.0	10.0	16.0	27.0	49.0
260.0	6.0	10.0	16.0	27.0	49.0
261.0	6.0	10.0	16.0	27.0	49.0
262.0	6.0	10.0	16.0	27.0	49.0
263.0	6.0	10.0	16.0	27.0	49.0
264.0	7.0	10.0	16.0	27.0	49.0
265.0	7.0	10.0	16.0	27.0	49.0
266.0	7.0	10.0	16.0	27.0	49.0
267.0	7.0	10.0	16.0	27.0	49.0
268.0	7.0	10.0	16.0	27.0	49.0
269.0	7.0	10.0	16.0	27.0	49.0
270.0	7.0	10.0	16.0	27.0	49.0
271.0	7.0	10.0	16.0	27.0	49.0
272.0	7.0	10.0	16.0	27.0	49.0
273.0	7.0	10.0	16.0	27.0	49.0
274.0	7.0	10.0	16.0	27.0	49.0
275.0	7.0	10.0	16.0	27.0	49.0
276.0	7.0	10.0	16.0	27.0	49.0
277.0	7.0	10.0	16.0	27.0	49.0
278.0	7.0	10.0	16.0	27.0	49.0
279.0	7.0	10.0	16.0	27.0	49.0
280.0	7.0	10.0	16.0	27.0	49.0
281.0	7.0	10.0	16.0	27.0	49.0
282.0	7.0	10.0	16.0	27.0	49.0
283.0	7.0	10.0	16.0	27.0	49.0
284.0	7.0	10.0	16.0	27.0	49.0
285.0	7.0	10.0	16.0	27.0	49.0
286.0	7.0	10.0	16.0	27.0	49.0
287.0	7.0	10.0	16.0	27.0	49.0
288.0	7.0	10.0	16.0	27.0	49.0
289.0	7.0	10.0	16.0	27.0	49.0
290.0	7.0	10.0	16.0	27.0	49.0
291.0	7.0	10.0	16.0	27.0	49.0
292.0	7.0	10.0	16.0	27.0	49.0
293.0	7.0	10.0	16.0	27.0	49.0
294.0	7.0	10.0	16.0	27.0	49.0
295.0	7.0	10.0	16.0	27.0	49.0
296.0	7.0	10.0	16.0	27.0	49.0
297.0	7.0	10.0	16.0	27.0	49.0
298.0	7.0	10.0	16.0	27.0	49.0
299.0	7.0	10.0	16.0	27.0	49.0
300.0	7.0	10.0	16.0	27.0	49.0
301.0	7.0	10.0	16.0	27.0	49.0
302.0	7.0	10.0	16.0	27.0	49.0
303.0	7.0	10.0	16.0	27.0	49.0
304.0	7.0	10.0	16.0	27.0	49.0
305.0	7.0	10.0	16.0	27.0	49.0
306.0	7.0	10.0	16.0	27.0	49.0
307.0	7.0	10.0	16.0	27.0	49.0
308.0	7.0	10.0	16.0	27.0	49.0
309.0	7.0	10.0	16.0	27.0	49.0
310.0	7.0	10.0	16.0	27.0	49.0
311.0	7.0	10.0	16.0	27.0	49.0
312.0	7.0	10.0	16.0	27.0	49.0
313.0	7.0	10.0	16.0	27.0	49.0
314.0	7.0	10.0	16.0	27.0	49.0
315.0	7.0	10.0	16.0	27.0	49.0
316.0	7.0	10.0	16.0	27.0	49.0
317.0	7.0	10.0	16.0	27.0	49.0
318.0	7.0	10.0	16.0	27.0	49.0
319.0	7.0	10.0	16.0	27.0	49.0
320.0	7.0	10.0	16.0	27.0	49.0
321.0	7.0	10.0	16.0	27.0	49.0
322.0	7.0	10.0	16.0	27.0	49.0
323.0	7.0	10.0	16.0	27.0	49.0
324.0	7.0	10.0	16.0	27.0	49.0
325.0	7.0	10.0	16.0	27.0	49.0
326.0	7.0	10.0	16.0	27.0	49.0
327.0	7.0	10.0	16.0	27.0	49.0
328.0	7.0	10.0	16.0	27.0	49.0
329.0	7.0	10.0	16.0	27.0	49.0
330.0	7.0	10.0	16.0	27.0	49.0
331.0	7.0	10.0	16.0	27.0	49.0
332.0	7.0	10.0	16.0	27.0	49.0
333.0	7.0	10.0	16.0	27.0	49.0
334.0	7.0	10.0	16.0	27.0	49.0
335.0	7.0	10.0	16.0	27.0	49.0
336.0	7.0	10.0	16.0	27.0	49.0
337.0	7.0	10.0	16.0	27.0	49.0
338.0	7.0	10.0	16.0	27.0	49.0
339.0	7.0	10.0	16.0	27.0	49.0
340.0	7.0	10.0	16.0	27.0	49.0
341.0	7.0	10.0	16.0	27.0	49.0
342.0	7.0	10.0	16.0	27.0	49.0
343.0	7.0	10.0	16.0	27.0	49.0
344.0	7.0	10.0	16.0	27.0	49.0
345.0	7.0	10.0	16.0	27.0	49.0
346.0	7.0	10.0	16.0	27.0	49.0
347.0	7.0	10.0	16.0	27.0	49.0
348.0	7.0	10.0	16.0	27.0	49.0
349.0	7.0	10.0	16.0	27.0	49.0
350.0	7.0	10.0	16.0	27.0	49.0
351.0	7.0	10.0	16.0	27.0	49.0
352.0	7.0	10.0	16.0	27.0	49.0
353.0	7.0	10.0	16.0	27.0	49.0
354.0	7.0	10.0	16.0	27.0	49.0
355.0	7.0	10.0	16.0	27.0	49.0
356.0	7.0	10.0	16.0	27.0	49.0
357.0	7.0	10.0	16.0	27.0	49.0
358.0	7.0	10.0	16.0	27.0	50.0
359.0	7.0	10.0	16.0	27.0	50.0
360.0	7.0	10.0	16.0	27.0	50.0
361.0	7.0	10.0	16.0	27.0	50.0
362.0	7.0	10.0	16.0	27.0	50.0
363.0	7.0	10.0	16.0	27.0	50.0
364.0	7.0	10.0	16.0	27.0	50.0
365.0	7.0	10.0	16.0	27.0	50.0
366.0	7.0	10.0	16.0	27.0	50.0
367.0	7.0	10.0	16.0	27.0	50.0
368.0	7.0	10.0	16.0	27.0	50.0
369.0	7.0	10.0	16.0	27.0	50.0
370.0	7.0	10.0	16.0	27.0	50.0
371.0	7.0	10.0	16.0	27.0	50.0
372.0	7.0	10.0	16.0	27.0	50.0
373.0	7.0	10.0	16.0	27.0	50.0
374.0	7.0	10.0	16.0	27.0	50.0
375.0	7.0	10.0	16.0	27.0	50.0
376.0	7.0	10.0	16.0	27.0	50.0
377.0	7.0	10.0	16.0	27.0	50.0
378.0	7.0	10.0	16.0	27.0	50.0
379.0	7.0	10.0	16.0	27.0	50.0
380.0	7.0	10.0	16.0	27.0	50.0
381.0	7.0	10.0	16.0	27.0	50.0
382.0	7.0	10.0	16.0	27.0	50.0
383.0	7.0	10.0	16.0	27.0	50.0
384.0	7.0	10.0	16.0	27.0	50.0
385.0	7.0	10.0	16.0	27.0	50.0
386.0	7.0	10.0	16.0	27.0	50.0
387.0	7.0	10.0	16.0	27.0	50.0
388.0	7.0	10.0	16.0	28.0	50.0
389.0	7.0	10.0	16.0	28.0	50.0
390.0	7.0	10.0	16.0	28.0	50.0
391.0	7.0	10.0	16.0	28.0	50.0
392.0	7.0	10.0	16.0	28.0	50.0
393.0	7.0	10.0	16.0	28.0	50.0
394.0	7.0	10.0	16.0	28.0	50.0
395.0	7.0	10.0	16.0	28.0	50.0
396.0	7.0	10.0	16.0	28.0	50.0
397.0	7.0	10.0	16.0	28.0	50.0
398.0	7.0	10.0	16.0	28.0	50.0
399.0	7.0	10.0	16.0	28.0	50.0
400.0	7.0	10.0	16.0	28.0	50.0
401.0	7.0	10.0	16.0	28.0	50.0
402.0	7.0	10.0	16.0	28.0	50.0
403.0	7.0	10.0	16.0	28.0	50.0
404.0	7.0	10.0	16.0	28.0	50.0
405.0	7.0	10.0	16.0	28.0	50.0
406.0	7.0	10.0	16.0	28.0	50.0
407.0	7.0	10.0	16.0	28.0	50.0
408.0	7.0	10.0	16.0	28.0	50.0
409.0	7.0	10.0	16.0	28.0	50.0
410.0	7.0	10.0	16.0	28.0	50.0
411.0	7.0	10.0	16.0	28.0	50.0
412.0	7.0	10.0	16.0	28.0	50.0
413.0	7.0	10.0	16.0	28.0	50.0
414.0	7.0	10.0	16.0	28.0	50.0
415.0	7.0	10.0	16.0	28.0	50.0
416.0	7.0	10.0	16.0	28.0	50.0
417.0	7.0	10.0	16.0	28.0	50.0
418.0	7.0	10.0	16.0	28.0	50.0
419.0	7.0	10.0	16.0	28.0	50.0
420.0	7.0	10.0	16.0	28.0	50.0
421.0	7.0	10.0	16.0	28.0	50.0
422.0	7.0	10.0	16.0	28.0	50.0
423.0	7.0	10.0	16.0	28.0	50.0
424.0	7.0	10.0	16.0	28.0	50.0
425.0	7.0	10.0	16.0	28.0	50.0
426.0	7.0	10.0	16.0	28.0	50.0
427.0	7.0	10.0	16.0	28.0	50.0
428.0	7.0	10.0	16.0	28.0	50.0
429.0	7.0	10.0	16.0	28.0	50.0
430.0	7.0	10.0	16.0	28.0	50.0
431.0	7.0	10.0	16.0	28.0	50.0
432.0	7.0	10.0	16.0	28.0	50.0
433.0	7.0	10.0	16.0	28.0	50.0
434.0	7.0	10.0	16.0	28.0	50.0
435.0	7.0	10.0	16.0	28.0	50.0
436.0	7.0	10.0	16.0	28.0	50.0
437.0	7.0	10.0	16.0	28.0	50.0
438.0	7.0	10.0	16.0	28.0	50.0
439.0	7.0	10.0	16.0	28.0	50.0
440.0	7.0	10.0	16.0	28.0	50.0
441.0	7.0	10.0	16.0	28.0	50.0
442.0	7.0	10.0	16.0	28.0	50.0
443.0	7.0	10.0	16.0	28.0	50.0
444.0	7.0	10.0	16.0	28.0	50.0
445.0	7.0	10.0	16.0	28.0	50.0
446.0	7.0	10.0	16.0	28.0	50.0
447.0	7.0	10.0	16.0	28.0	50.0
448.0	7.0	10.0	16.0	28.0	50.0
449.0	7.0	10.0	16.0	28.0	50.0
450.0	7.0	10.0	16.0	28.0	50.0
451.0	7.0	10.0	16.0	28.0	50.0
452.0	7.0	10.0	16.0	28.0	50.0
453.0	7.0	10.0	16.0	28.0	50.0
454.0	7.0	10.0	16.0	28.0	50.0
455.0	7.0	10.0	16.0	28.0	50.0
456.0	7.0	10.0	16.0	28.0	50.0
457.0	7.0	10.0	16.0	28.0	50.0
458.0	7.0	10.0	16.0	28.0	50.0
459.0	7.0	10.0	16.0	28.0	50.0
460.0	7.0	10.0	16.0	28.0	50.0
461.0	7.0	10.0	16.0	28.0	50.0
462.0	7.0	10.0	16.0	28.0	50.0
463.0	7.0	10.0	16.0	28.0	50.0
464.0	7.0	10.0	16.0	28.0	50.0
465.0	7.0	10.0	16.0	28.0	50.0
466.0	7.0	10.0	16.0	28.0	50.0
467.0	7.0	10.0	16.0	28.0	50.0
468.0	7.0	10.0	16.0	28.0	50.0
469.0	7.0	10.0	16.0	28.0	50.0
470.0	7.0	10.0	16.0	28.0	50.0
471.0	7.0	10.0	16.0	28.0	50.0
472.0	7.0	10.0	16.0	28.0	50.0
473.0	7.0	10.0	16.0	28.0	50.0
474.0	7.0	10.0	16.0	28.0	50.0
475.0	7.0	10.0	16.0	28.0	50.0
476.0	7.0	10.0	16.0	28.0	50.0
477.0	7.0	10.0	16.0	28.0	50.0
478.0	7.0	10.0	16.0	28.0	50.0
479.0	7.0	10.0	16.0	28.0	50.0
480.0	7.0	10.0	16.0	28.0	50.0
481.0	7.0	10.0	16.0	28.0	50.0
482.0	7.0	10.0	16.0	28.0	50.0
483.0	7.0	10.0	16.0	28.0	50.0
484.0	7.0	10.0	16.0	28.0	50.0
485.0	7.0	10.0	16.0	28.0	50.0
486.0	7.0	10.0	16.0	28.0	50.0
487.0	7.0	10.0	16.0	28.0	50.0
488.0	7.0	10.0	16.0	28.0	50.0
489.0	7.0	10.0	16.0	28.0	50.0
490.0	7.0	10.0	16.0	28.0	50.0
491.0	7.0	10.0	16.0	28.0	50.0
492.0	7.0	10.0	16.0	28.0	50.0
493.0	7.0	10.0	16.0	28.0	50.0
494.0	7.0	10.0	16.0	28.0	50.0
495.0	7.0	10.0	16.0	28.0	50.0
496.0	7.0	10.0	16.0	28.0	50.0
497.0	7.0	10.0	16.0	28.0	50.0
498.0	7.0	10.0	16.0	28.0	50.0
499.0	7.0	10.0	16.0	28.0	50.0
500.0	7.0	10.0	16.0	28.0	50.0
501.0	7.0	10.0	16.0	28.0	50.0
502.0	7.0	10.0	16.0	28.0	50.0
503.0	7.0	10.0	16.0	28.0	50.0
504.0	7.0	10.0	16.0	28.0	50.0
505.0	7.0	10.0	16.0	28.0	50.0
506.0	7.0	10.0	16.0	28.0	50.0
507.0	7.0	10.0	16.0	28.0	50.0
508.0	7.0	10.0	16.0	28.0	50.0
509.0	7.0	10.0	16.0	28.0	50.0
510.0	7.0	10.0	16.0	28.0	50.0
511.0	7.0	10.0	16.0	28.0	50.0
512.0	7.0	10.0	16.0	28.0	50.0
513.0	7.0	10.0	16.0	28.0	50.0
514.0	7.0	10.0	16.0	28.0	50.0
515.0	7.0	10.0	16.0	28.0	50.0
516.0	7.0	10.0	16.0	28.0	50.0
517.0	7.0	10.0	16.0	28.0	50.0
518.0	7.0	10.0	16.0	28.0	50.0
519.0	7.0	10.0	16.0	28.0	50.0
520.0	7.0	10.0	16.0	28.0	50.0
521.0	7.0	10.0	16.0	28.0	50.0
522.0	7.0	10.0	16.0	28.0	50.0
523.0	7.0	10.0	16.0	28.0	50.0
524.0	7.0	10.0	16.0	28.0	50.0
525.0	7.0	10.0	16.0	28.0	50.0
526.0	7.0	10.0	16.0	28.0	50.0
527.0	7.0	10.0	16.0	28.0	50.0
528.0	7.0	10.0	16.0	28.0	50.0
529.0	7.0	10.0	16.0	28.0	50.0
530.0	7.0	10.0	16.0	28.0	50.0
531.0	7.0	10.0	16.0	28.0	50.0
532.0	7.0	10.0	16.0	28.0	50.0
533.0	7.0	10.0	16.0	28.0	50.0
534.0	7.0	10.0	16.0	28.0	50.0
535.0	7.0	10.0	16.0	28.0	50.0
536.0	7.0	10.0	16.0	28.0	50.0
537.0	7.0	10.0	16.0	28.0	50.0
538.0	7.0	10.0	16.0	28.0	50.0
539.0	7.0	10.0	16.0	28.0	50.0
540.0	7.0	10.0	16.0	28.0	50.0
541.0	7.0	10.0	16.0	28.0	50.0
542.0	7.0	10.0	16.0	28.0	50.0
543.0	7.0	10.0	16.0	28.0	50.0
544.0	7.0	10.0	16.0	28.0	50.0
545.0	7.0	10.0	16.0	28.0	50.0
546.0	7.0	10.0	16.0	28.0	50.0
547.0	7.0	10.0	16.0	28.0	50.0
548.0	7.0	10.0	16.0	28.0	50.0
549.0	7.0	10.0	16.0	28.0	50.0
550.0	7.0	10.0	16.0	28.0	50.0
551.0	7.0	10.0	16.0	28.0	50.0
552.0	7.0	10.0	16.0	28.0	50.0
553.0	7.0	10.0	16.0	28.0	50.0
554.0	7.0	10.0	16.0	28.0	50.0
555.0	7.0	10.0	16.0	28.0	50.0
556.0	7.0	10.0	16.0	28.0	50.0
557.0	7.0	10.0	16.0	28.0	50.0
558.0	7.0	10.0	16.0	28.0	50.0
559.0	7.0	10.0	16.0	28.0	50.0
560.0	7.0	10.0	16.0	28.0	50.0
561.0	7.0	10.0	16.0	28.0	50.0
562.0	7.0	10.0	16.0	28.0	50.0
563.0	7.0	10.0	16.0	28.0	50.0
564.0	7.0	10.0	16.0	28.0	50.0
565.0	7.0	10.0	16.0	28.0	50.0
566.0	7.0	10.0	16.0	28.0	50.0
567.0	7.0	10.0	16.0	28.0	50.0
568.0	7.0	10.0	16.0	28.0	50.0
569.0	7.0	10.0	16.0	28.0	50.0
570.0	7.0	10.0	16.0	28.0	50.0
571.0	7.0	10.0	16.0	28.0	50.0
572.0	7.0	10.0	16.0	28.0	50.0
573.0	7.0	10.0	16.0	28.0	50.0
574.0	7.0	10.0	16.0	28.0	50.0
575.0	7.0	10.0	16.0	28.0	50.0
576.0	7.0	10.0	16.0	28.0	50.0
577.0	7.0	10.0	16.0	28.0	50.0
578.0	7.0	10.0	16.0	28.0	50.0
579.0	7.0	10.0	16.0	28.0	50.0
580.0	7.0	10.0	16.0	28.0	50.0
581.0	7.0	10.0	16.0	28.0	50.0
582.0	7.0	10.0	16.0	28.0	50.0
583.0	7.0	10.0	16.0	28.0	50.0
584.0	7.0	10.0	16.0	28.0	50.0
585.0	7.0	10.0	16.0	28.0	50.0
586.0	7.0	10.0	16.0	28.0	50.0
587.0	7.0	10.0	16.0	28.0	50.0
588.0	7.0	10.0	16.0	28.0	50.0
589.0	7.0	10.0	16.0	28.0	50.0
590.0	7.0	10.0	16.0	28.0	50.0
591.0	7.0	10.0	16.0	28.0	50.0
592.0	7.0	10.0	16.0	28.0	50.0
593.0	7.0	10.0	16.0	28.0	50.0
594.0	7.0	10.0	16.0	28.0	50.0
595.0	7.0	10.0	16.0	28.0	50.0
596.0	7.0	10.0	16.0	28.0	50.0
597.0	7.0	10.0	16.0	28.0	50.0
598.0	7.0	10.0	16.0	28.0	50.0
599.0	7.0	10.0	16.0	28.0	50.0
600.0	7.0	10.0	16.0	28.0	50.0
601.0	7.0	10.0	16.0	28.0	50.0
602.0	7.0	10.0	16.0	28.0	50.0
603.0	7.0	10.0	16.0	28.0	50.0
604.0	7.0	10.0	16.0	28.0	50.0
605.0	7.0	10.0	16.0	28.0	50.0
606.0	7.0	10.0	16.0	28.0	50.0
607.0	7.0	10.0	16.0	28.0	50.0
608.0	7.0	10.0	16.0	28.0	50.0
609.0	7.0	10.0	16.0	28.0	50.0
610.0	7.0	10.0	16.0	28.0	50.0
611.0	7.0	10.0	16.0	28.0	50.0
612.0	7.0	10.0	16.0	28.0	50.0
613.0	7.0	10.0	16.0	28.0	50.0
614.0	7.0	10.0	16.0	28.0	50.0
615.0	7.0	10.0	16.0	28.0	50.0
616.0	7.0	10.0	16.0	28.0	50.0
617.0	7.0	10.0	16.0	28.0	50.0
618.0	7.0	10.0	16.0	28.0	50.0
619.0	7.0	10.0	16.0	28.0	50.0
620.0	7.0	10.0	16.0	28.0	50.0
621.0	7.0	10.0	16.0	28.0	50.0
622.0	7.0	10.0	17.0	28.0	50.0
623.0	7.0	10.0	17.0	28.0	50.0
624.0	7.0	10.0	17.0	28.0	50.0
625.0	7.0	10.0	17.0	28.0	50.0
626.0	7.0	10.0	17.0	28.0	50.0
627.0	7.0	10.0	17.0	28.0	50.0
628.0	7.0	10.0	17.0	28.0	50.0
629.0	7.0	10.0	17.0	28.0	50.0
630.0	7.0	10.0	17.0	28.0	50.0
631.0	7.0	10.0	17.0	28.0	50.0
632.0	7.0	10.0	17.0	28.0	50.0
633.0	7.0	10.0	17.0	28.0	50.0
634.0	7.0	10.0	17.0	28.0	50.0
635.0	7.0	10.0	17.0	28.0	50.0
636.0	7.0	10.0	17.0	28.0	50.0
637.0	7.0	10.0	17.0	28.0	50.0
638.0	7.0	10.0	17.0	28.0	50.0
639.0	7.0	10.0	17.0	28.0	50.0
640.0	7.0	10.0	17.0	28.0	50.0
641.0	7.0	10.0	17.0	28.0	50.0
642.0	7.0	10.0	17.0	28.0	50.0
643.0	7.0	10.0	17.0	28.0	50.0
644.0	7.0	10.0	17.0	28.0	50.0
645.0	7.0	10.0	17.0	28.0	50.0
646.0	7.0	10.0	17.0	28.0	50.0
647.0	7.0	10.0	17.0	28.0	50.0
648.0	7.0	10.0	17.0	28.0	50.0
649.0	7.0	10.0	17.0	28.0	50.0
650.0	7.0	10.0	17.0	28.0	50.0
651.0	7.0	10.0	17.0	28.0	50.0
652.0	7.0	10.0	17.0	28.0	50.0
653.0	7.0	10.0	17.0	28.0	50.0
654.0	7.0	10.0	17.0	28.0	50.0
655.0	7.0	10.0	17.0	28.0	50.0
656.0	7.0	10.0	17.0	28.0	50.0
657.0	7.0	10.0	17.0	28.0	50.0
658.0	7.0	10.0	17.0	28.0	50.0
659.0	7.0	10.0	17.0	28.0	50.0
660.0	7.0	10.0	17.0	28.0	50.0
661.0	7.0	10.0	17.0	28.0	50.0
662.0	7.0	10.0	17.0	28.0	50.0
663.0	7.0	10.0	17.0	28.0	50.0
664.0	7.0	10.0	17.0	28.0	50.0
665.0	7.0	10.0	17.0	28.0	50.0
666.0	7.0	10.0	17.0	28.0	50.0
667.0	7.0	10.0	17.0	28.0	50.0
668.0	7.0	10.0	17.0	28.0	50.0
669.0	7.0	10.0	17.0	28.0	50.0
670.0	7.0	10.0	17.0	28.0	51.0
671.0	7.0	10.0	17.0	28.0	51.0
672.0	7.0	10.0	17.0	28.0	51.0
673.0	7.0	10.0	17.0	28.0	51.0
674.0	7.0	10.0	17.0	28.0	51.0
675.0	7.0	10.0	17.0	28.0	51.0
676.0	7.0	10.0	17.0	28.0	51.0
677.0	7.0	10.0	17.0	28.0	51.0
678.0	7.0	10.0	17.0	28.0	51.0
679.0	7.0	10.0	17.0	28.0	51.0
680.0	7.0	10.0	17.0	28.0	51.0
681.0	7.0	10.0	17.0	28.0	51.0
682.0	7.0	10.0	17.0	28.0	51.0
683.0	7.0	10.0	17.0	28.0	51.0
684.0	7.0	10.0	17.0	28.0	51.0
685.0	7.0	10.0	17.0	28.0	51.0
686.0	7.0	10.0	17.0	28.0	51.0
687.0	7.0	10.0	17.0	28.0	51.0
688.0	7.0	10.0	17.0	28.0	51.0
689.0	7.0	10.0	17.0	28.0	51.0
690.0	7.0	10.0	17.0	28.0	51.0
691.0	7.0	10.0	17.0	28.0	51.0
692.0	7.0	10.0	17.0	28.0	51.0
693.0	7.0	10.0	17.0	28.0	51.0
694.0	7.0	10.0	17.0	28.0	51.0
695.0	7.0	10.0	17.0	28.0	51.0
696.0	7.0	10.0	17.0	28.0	51.0
697.0	7.0	10.0	17.0	28.0	51.0
698.0	7.0	11.0	17.0	28.0	51.0
699.0	7.0	11.0	17.0	28.0	51.0
700.0	7.0	11.0	17.0	28.0	51.0
701.0	7.0	11.0	17.0	28.0	51.0
702.0	7.0	11.0	17.0	28.0	51.0
703.0	7.0	11.0	17.0	28.0	51.0
704.0	7.0	11.0	17.0	28.0	51.0
705.0	7.0	11.0	17.0	28.0	51.0
706.0	7.0	11.0	17.0	28.0	51.0
707.0	7.0	11.0	17.0	28.0	51.0
708.0	7.0	11.0	17.0	28.0	51.0
709.0	7.0	11.0	17.0	28.0	51.0
710.0	7.0	11.0	17.0	28.0	51.0
711.0	7.0	11.0	17.0	28.0	51.0
712.0	7.0	11.0	17.0	28.0	51.0
713.0	7.0	11.0	17.0	28.0	51.0
714.0	7.0	11.0	17.0	28.0	51.0
715.0	7.0	11.0	17.0	28.0	51.0
716.0	7.0	11.0	17.0	28.0	51.0
717.0	7.0	11.0	17.0	28.0	51.0
718.0	7.0	11.0	17.0	28.0	51.0
719.0	7.0	11.0	17.0	28.0	51.0
720.0	7.0	11.0	17.0	28.0	51.0
721.0	7.0	11.0	17.0	28.0	51.0
722.0	7.0	11.0	17.0	28.0	51.0
723.0	7.0	11.0	17.0	28.0	51.0
724.0	7.0	11.0	17.0	28.0	51.0
725.0	7.0	11.0	17.0	28.0	51.0
726.0	7.0	11.0	17.0	28.0	51.0
727.0	7.0	11.0	17.0	28.0	51.0
728.0	7.0	11.0	17.0	28.0	51.0
729.0	7.0	11.0	17.0	28.0	51.0
730.0	7.0	11.0	17.0	28.0	51.0
731.0	7.0	11.0	17.0	28.0	51.0
732.0	7.0	11.0	17.0	28.0	51.0
733.0	7.0	11.0	17.0	28.0	51.0
734.0	7.0	11.0	17.0	28.0	51.0
735.0	7.0	11.0	17.0	28.0	51.0
736.0	7.0	11.0	17.0	28.0	51.0
737.0	7.0	11.0	17.0	28.0	51.0
738.0	7.0	11.0	17.0	28.0	51.0
739.0	7.0	11.0	17.0	28.0	51.0
740.0	7.0	11.0	17.0	28.0	51.0
741.0	7.0	11.0	17.0	28.0	51.0
742.0	7.0	11.0	17.0	28.0	51.0
743.0	7.0	11.0	17.0	28.0	51.0
744.0	7.0	11.0	17.0	28.0	51.0
745.0	7.0	11.0	17.0	28.0	51.0
746.0	7.0	11.0	17.0	28.0	51.0
747.0	7.0	11.0	17.0	28.0	51.0
748.0	7.0	11.0	17.0	28.0	51.0
749.0	7.0	11.0	17.0	28.0	51.0
750.0	7.0	11.0	17.0	28.0	51.0
751.0	7.0	11.0	17.0	28.0	51.0
752.0	7.0	11.0	17.0	28.0	51.0
753.0	7.0	11.0	17.0	28.0	51.0
754.0	7.0	11.0	17.0	28.0	51.0
755.0	7.0	11.0	17.0	28.0	51.0
756.0	7.0	11.0	17.0	28.0	51.0
757.0	7.0	11.0	17.0	28.0	51.0
758.0	7.0	11.0	17.0	28.0	51.0
759.0	7.0	11.0	17.0	28.0	51.0
760.0	7.0	11.0	17.0	28.0	51.0
761.0	7.0	11.0	17.0	28.0	51.0
762.0	7.0	11.0	17.0	28.0	51.0
763.0	7.0	11.0	17.0	28.0	51.0
764.0	7.0	11.0	17.0	28.0	51.0
765.0	7.0	11.0	17.0	28.0	51.0
766.0	7.0	11.0	17.0	28.0	51.0
767.0	7.0	11.0	17.0	28.0	51.0
768.0	7.0	11.0	17.0	28.0	51.0
769.0	7.0	11.0	17.0	28.0	51.0
770.0	7.0	11.0	17.0	28.0	51.0
771.0	7.0	11.0	17.0	28.0	51.0
772.0	7.0	11.0	17.0	28.0	51.0
773.0	7.0	11.0	17.0	28.0	51.0
774.0	7.0	11.0	17.0	28.0	51.0
775.0	7.0	11.0	17.0	28.0	51.0
776.0	7.0	11.0	17.0	28.0	51.0
777.0	7.0	11.0	17.0	28.0	51.0
778.0	7.0	11.0	17.0	28.0	51.0
779.0	7.0	11.0	17.0	28.0	51.0
780.0	7.0	11.0	17.0	28.0	51.0
781.0	7.0	11.0	17.0	28.0	51.0
782.0	7.0	11.0	17.0	28.0	51.0
783.0	7.0	11.0	17.0	28.0	51.0
784.0	7.0	11.0	17.0	28.0	51.0
785.0	7.0	11.0	17.0	28.0	51.0
786.0	7.0	11.0	17.0	28.0	51.0
787.0	7.0	11.0	17.0	28.0	51.0
788.0	7.0	11.0	17.0	28.0	51.0
789.0	7.0	11.0	17.0	28.0	51.0
790.0	7.0	11.0	17.0	28.0	51.0
791.0	7.0	11.0	17.0	28.0	51.0
792.0	7.0	11.0	17.0	28.0	51.0
793.0	7.0	11.0	17.0	28.0	51.0
794.0	7.0	11.0	17.0	28.0	51.0
795.0	7.0	11.0	17.0	28.0	51.0
796.0	7.0	11.0	17.0	28.0	51.0
797.0	7.0	11.0	17.0	28.0	51.0
798.0	7.0	11.0	17.0	28.0	51.0
799.0	7.0	11.0	17.0	28.0	51.0
800.0	7.0	11.0	17.0	28.0	51.0
801.0	7.0	11.0	17.0	28.0	51.0
802.0	7.0	11.0	17.0	28.0	51.0
803.0	7.0	11.0	17.0	28.0	51.0
804.0	7.0	11.0	17.0	28.0	51.0
805.0	7.0	11.0	17.0	28.0	51.0
806.0	7.0	11.0	17.0	28.0	51.0
807.0	7.0	11.0	17.0	28.0	51.0
808.0	7.0	11.0	17.0	28.0	51.0
809.0	7.0	11.0	17.0	28.0	51.0
810.0	7.0	11.0	17.0	28.0	51.0
811.0	7.0	11.0	17.0	28.0	51.0
812.0	7.0	11.0	17.0	28.0	51.0
813.0	7.0	11.0	17.0	28.0	51.0
814.0	7.0	11.0	17.0	28.0	51.0
815.0	7.0	11.0	17.0	28.0	51.0
816.0	7.0	11.0	17.0	28.0	51.0
817.0	7.0	11.0	17.0	28.0	51.0
818.0	7.0	11.0	17.0	28.0	51.0
819.0	7.0	11.0	17.0	28.0	51.0
820.0	7.0	11.0	17.0	28.0	51.0
821.0	7.0	11.0	17.0	28.0	51.0
822.0	7.0	11.0	17.0	28.0	51.0
823.0	7.0	11.0	17.0	28.0	51.0
824.0	7.0	11.0	17.0	28.0	51.0
825.0	7.0	11.0	17.0	28.0	51.0
826.0	7.0	11.0	17.0	28.0	51.0
827.0	7.0	11.0	17.0	28.0	51.0
828.0	7.0	11.0	17.0	28.0	51.0
829.0	7.0	11.0	17.0	28.0	51.0
830.0	7.0	11.0	17.0	28.0	51.0
831.0	7.0	11.0	17.0	28.0	51.0
832.0	7.0	11.0	17.0	28.0	51.0
833.0	7.0	11.0	17.0	28.0	51.0
834.0	7.0	11.0	17.0	28.0	51.0
835.0	7.0	11.0	17.0	28.0	51.0
836.0	7.0	11.0	17.0	28.0	51.0
837.0	7.0	11.0	17.0	28.0	51.0
838.0	7.0	11.0	17.0	28.0	51.0
839.0	7.0	11.0	17.0	28.0	51.0
840.0	7.0	11.0	17.0	28.0	51.0
841.0	7.0	11.0	17.0	28.0	51.0
842.0	7.0	11.0	17.0	28.0	51.0
843.0	7.0	11.0	17.0	28.0	51.0
844.0	7.0	11.0	17.0	28.0	51.0
845.0	7.0	11.0	17.0	28.0	51.0
846.0	7.0	11.0	17.0	28.0	51.0
847.0	7.0	11.0	17.0	28.0	51.0
848.0	7.0	11.0	17.0	28.0	51.0
849.0	7.0	11.0	17.0	28.0	51.0
850.0	7.0	11.0	17.0	28.0	51.0
851.0	7.0	11.0	17.0	28.0	51.0
852.0	7.0	11.0	17.0	28.0	51.0
853.0	7.0	11.0	17.0	28.0	51.0
854.0	7.0	11.0	17.0	28.0	51.0
855.0	7.0	11.0	17.0	28.0	51.0
856.0	7.0	11.0	17.0	28.0	51.0
857.0	7.0	11.0	17.0	28.0	51.0
858.0	7.0	11.0	17.0	28.0	51.0
859.0	7.0	11.0	17.0	28.0	51.0
860.0	7.0	11.0	17.0	28.0	51.0
861.0	7.0	11.0	17.0	28.0	51.0
862.0	7.0	11.0	17.0	28.0	51.0
863.0	7.0	11.0	17.0	29.0	51.0
864.0	7.0	11.0	17.0	29.0	51.0
865.0	7.0	11.0	17.0	29.0	51.0
866.0	7.0	11.0	17.0	29.0	51.0
867.0	7.0	11.0	17.0	29.0	51.0
868.0	7.0	11.0	17.0	29.0	51.0
869.0	7.0	11.0	17.0	29.0	51.0
870.0	7.0	11.0	17.0	29.0	51.0
871.0	7.0	11.0	17.0	29.0	51.0
872.0	7.0	11.0	17.0	29.0	51.0
873.0	7.0	11.0	17.0	29.0	51.0
874.0	7.0	11.0	17.0	29.0	51.0
875.0	7.0	11.0	17.0	29.0	51.0
876.0	7.0	11.0	17.0	29.0	51.0
877.0	7.0	11.0	17.0	29.0	51.0
878.0	7.0	11.0	17.0	29.0	51.0
879.0	7.0	11.0	17.0	29.0	51.0
880.0	7.0	11.0	17.0	29.0	51.0
881.0	7.0	11.0	17.0	29.0	51.0
882.0	7.0	11.0	17.0	29.0	51.0
883.0	7.0	11.0	17.0	29.0	51.0
884.0	7.0	11.0	17.0	29.0	51.0
885.0	7.0	11.0	17.0	29.0	51.0
886.0	7.0	11.0	17.0	29.0	51.0
887.0	7.0	11.0	17.0	29.0	51.0
888.0	7.0	11.0	17.0	29.0	51.0
889.0	7.0	11.0	17.0	29.0	51.0
890.0	7.0	11.0	17.0	29.0	51.0
891.0	7.0	11.0	17.0	29.0	51.0
892.0	7.0	11.0	17.0	29.0	51.0
893.0	7.0	11.0	17.0	29.0	51.0
894.0	7.0	11.0	17.0	29.0	51.0
895.0	7.0	11.0	17.0	29.0	51.0
896.0	7.0	11.0	17.0	29.0	51.0
897.0	7.0	11.0	17.0	29.0	51.0
898.0	7.0	11.0	17.0	29.0	51.0
899.0	7.0	11.0	17.0	29.0	51.0
900.0	7.0	11.0	17.0	29.0	51.0
901.0	7.0	11.0	17.0	29.0	51.0
902.0	7.0	11.0	17.0	29.0	51.0
903.0	7.0	11.0	17.0	29.0	51.0
904.0	7.0	11.0	17.0	29.0	51.0
905.0	7.0	11.0	17.0	29.0	51.0
906.0	7.0	11.0	17.0	29.0	51.0
907.0	7.0	11.0	17.0	29.0	51.0
908.0	7.0	11.0	17.0	29.0	51.0
909.0	7.0	11.0	17.0	29.0	51.0
910.0	7.0	11.0	17.0	29.0	51.0
911.0	7.0	11.0	17.0	29.0	51.0
912.0	7.0	11.0	17.0	29.0	51.0
913.0	7.0	11.0	17.0	29.0	51.0
914.0	7.0	11.0	17.0	29.0	51.0
915.0	7.0	11.0	17.0	29.0	51.0
916.0	7.0	11.0	17.0	29.0	51.0
917.0	7.0	11.0	17.0	29.0	51.0
918.0	7.0	11.0	17.0	29.0	51.0
919.0	7.0	11.0	17.0	29.0	51.0
920.0	7.0	11.0	17.0	29.0	51.0
921.0	7.0	11.0	17.0	29.0	51.0
922.0	7.0	11.0	17.0	29.0	51.0
923.0	7.0	11.0	17.0	29.0	51.0
924.0	7.0	11.0	17.0	29.0	51.0
925.0	7.0	11.0	17.0	29.0	51.0
926.0	7.0	11.0	17.0	29.0	51.0
927.0	7.0	11.0	17.0	29.0	51.0
928.0	7.0	11.0	17.0	29.0	51.0
929.0	7.0	11.0	17.0	29.0	51.0
930.0	7.0	11.0	17.0	29.0	51.0
931.0	7.0	11.0	17.0	29.0	51.0
932.0	7.0	11.0	17.0	29.0	51.0
933.0	7.0	11.0	17.0	29.0	51.0
934.0	7.0	11.0	17.0	29.0	51.0
935.0	7.0	11.0	17.0	29.0	51.0
936.0	7.0	11.0	17.0	29.0	51.0
937.0	7.0	11.0	17.0	29.0	51.0
938.0	7.0	11.0	17.0	29.0	51.0
939.0	7.0	11.0	17.0	29.0	51.0
940.0	7.0	11.0	17.0	29.0	51.0
941.0	7.0	11.0	17.0	29.0	51.0
942.0	7.0	11.0	17.0	29.0	51.0
943.0	7.0	11.0	17.0	29.0	51.0
944.0	7.0	11.0	17.0	29.0	51.0
945.0	7.0	11.0	17.0	29.0	51.0
946.0	7.0	11.0	17.0	29.0	51.0
947.0	7.0	11.0	17.0	29.0	51.0
948.0	7.0	11.0	17.0	29.0	51.0
949.0	7.0	11.0	17.0	29.0	51.0
950.0	7.0	11.0	17.0	29.0	51.0
951.0	7.0	11.0	17.0	29.0	51.0
952.0	7.0	11.0	17.0	29.0	51.0
953.0	7.0	11.0	17.0	29.0	51.0
954.0	7.0	11.0	17.0	29.0	51.0
955.0	7.0	11.0	17.0	29.0	51.0
956.0	7.0	11.0	17.0	29.0	51.0
957.0	7.0	11.0	17.0	29.0	51.0
958.0	7.0	11.0	17.0	29.0	51.0
959.0	7.0	11.0	17.0	29.0	51.0
960.0	7.0	11.0	17.0	29.0	51.0
961.0	8.0	11.0	17.0	29.0	51.0
962.0	8.0	11.0	17.0	29.0	51.0
963.0	8.0	11.0	17.0	29.0	51.0
964.0	8.0	11.0	17.0	29.0	51.0
965.0	8.0	11.0	17.0	29.0	51.0
966.0	8.0	11.0	17.0	29.0	51.0
967.0	8.0	11.0	17.0	29.0	51.0
968.0	8.0	11.0	17.0	29.0	51.0
969.0	8.0	11.0	17.0	29.0	51.0
970.0	8.0	11.0	17.0	29.0	51.0
971.0	8.0	11.0	17.0	29.0	51.0
972.0	8.0	11.0	17.0	29.0	51.0
973.0	8.0	11.0	17.0	29.0	51.0
974.0	8.0	11.0	17.0	29.0	51.0
975.0	8.0	11.0	17.0	29.0	51.0
976.0	8.0	11.0	17.0	29.0	51.0
977.0	8.0	11.0	17.0	29.0	51.0
978.0	8.0	11.0	17.0	29.0	51.0
979.0	8.0	11.0	17.0	29.0	51.0
980.0	8.0	11.0	17.0	29.0	51.0
981.0	8.0	11.0	17.0	29.0	51.0
982.0	8.0	11.0	17.0	29.0	51.0
983.0	8.0	11.0	17.0	29.0	51.0
984.0	8.0	11.0	17.0	29.0	51.0
985.0	8.0	11.0	17.0	29.0	51.0
986.0	8.0	11.0	17.0	29.0	51.0
987.0	8.0	11.0	17.0	29.0	51.0
988.0	8.0	11.0	17.0	29.0	51.0
989.0	8.0	11.0	17.0	29.0	51.0
990.0	8.0	11.0	17.0	29.0	51.0
991.0	8.0	11.0	17.0	29.0	51.0
992.0	8.0	11.0	17.0	29.0	51.0
993.0	8.0	11.0	17.0	29.0	51.0
994.0	8.0	11.0	17.0	29.0	51.0
995.0	8.0	11.0	17.0	29.0	51.0
996.0	8.0	11.0	17.0	29.0	51.0
997.0	8.0	11.0	17.0	29.0	51.0
998.0	8.0	11.0	17.0	29.0	51.0
999.0	8.0	11.0	17.0	29.0	51.0
1000.0	8.0	11.0	17.0	29.0	51.0
